YAOGAN-40 02A           
1 63918U 25096A   25161.48467943  .00000132  00000+0  61237-4 0  9997
2 63918  85.9941 354.6166 0002101  96.8823 263.2599 14.12342701  4102
YAOGAN-40 02B           
1 63919U 25096B   25161.48485061  .00000167  00000+0  80705-4 0  9998
2 63919  85.9934 354.6149 0001728  94.3249 265.8131 14.12341741  4108
YAOGAN-40 02C           
1 63920U 25096C   25150.70756875  .00000277  00000+0  96975-4 0  9995
2 63920  85.9931 359.2870 0014003 224.0651 135.9591 14.31341930 21341
CZ-6A R/B               
1 63921U 25096D   25161.49424531  .00000082  00000+0  25975-4 0  9991
2 63921  85.9918 354.3906 0014193 154.8705 205.3180 14.26297762  4123
CZ-6A R/B               
1 63922U 25096E   25160.93535949  .00000297  00000+0  50619-4 0  9997
2 63922  86.0170 353.9248 0068462 330.3698  29.3641 14.63723972  4247
CZ-6A DEB               
1 63923U 25096F   25160.91875047  .00000093  00000+0  29965-4 0  9996
2 63923  85.9925 354.6418 0012489 168.6810 191.4665 14.26984404  4051
TJS-19                  
1 63924U 25097A   25160.89638639 -.00000255  00000+0  00000+0 0  9994
2 63924   3.9580 312.9162 0002123 141.3784 268.1876  1.00269764   419
CZ-3C R/B               
1 63925U 25097B   25158.37560676  .00167897 -75647-6  25459-3 0  9991
2 63925  28.6145 130.3042 7229154 195.2197 118.3851  2.41628320   601
STARLINK-34012          
1 63926U 25098A   25159.18296485  .00065982  00000+0  14955-2 0  9990
2 63926  70.0001 252.6064 0003428 268.9558  91.1231 15.42746389  5327
STARLINK-33956          
1 63927U 25098B   25158.24530876  .00081012  00000+0  13061-2 0  9991
2 63927  69.9999 254.9479 0003803 272.3241  87.7510 15.52518720  5161
STARLINK-33997          
1 63928U 25098C   25158.24489446  .00071693  00000+0  11570-2 0  9995
2 63928  70.0000 254.9452 0003405 269.0754  91.0042 15.52532497  5164
STARLINK-33989          
1 63929U 25098D   25159.17072133  .00067453  00000+0  15294-2 0  9996
2 63929  70.0001 252.5613 0004123 284.6730  75.3995 15.42726180  5305
STARLINK-33980          
1 63930U 25098E   25161.52513660  .00036276  00000+0  82759-3 0  9995
2 63930  69.9997 246.3341 0003348 276.1719  83.9081 15.42721694  5641
STARLINK-33994          
1 63931U 25098F   25159.41668981 -.00027629  00000+0 -62916-3 0  9995
2 63931  70.0000 251.8845 0003809 268.6405  28.1017 15.42737964  5164
STARLINK-33971          
1 63932U 25098G   25161.39167420  .00047503  00000+0  10814-2 0  9998
2 63932  69.9999 246.6701 0003714 282.6077  77.4689 15.42711781  5462
STARLINK-33877          
1 63933U 25098H   25159.40384628  .00042057  00000+0  70532-3 0  9992
2 63933  70.0005 251.7657 0003140 267.6021  92.4806 15.51608007  5347
STARLINK-33895          
1 63934U 25098J   25159.41783363  .00061630  00000+0  13972-2 0  9995
2 63934  70.0001 251.8165 0003427 285.9236  74.1568 15.42760809  5349
STARLINK-34005          
1 63935U 25098K   25160.62697317 -.00926173  00000+0 -19321-1 0  9991
2 63935  70.0017 248.4089 0004215 280.3788  79.6922 15.47827756  5536
STARLINK-34027          
1 63936U 25098L   25160.82449522 -.00318381  00000+0 -70152-2 0  9993
2 63936  70.0013 247.8928 0002859 270.5704  89.5152 15.44960781  5289
STARLINK-34035          
1 63937U 25098M   25159.16657263  .00058677  00000+0  13310-2 0  9992
2 63937  70.0001 252.5454 0003908 288.1441  71.9315 15.42757515  5286
STARLINK-33988          
1 63938U 25098N   25159.17287779  .00032587  00000+0  74350-3 0  9999
2 63938  69.9999 252.5687 0004355 277.2046  82.8641 15.42742654  5286
STARLINK-34020          
1 63939U 25098P   25159.54354953  .00052504  00000+0  11925-2 0  9999
2 63939  70.0004 251.4512 0004066 268.3950  91.6767 15.42751376  5352
STARLINK-34021          
1 63940U 25098Q   25159.46452167 -.00364720  00000+0 -66928-2 0  9999
2 63940  70.0013 251.5757 0005224 355.8056   4.3085 15.50371097  5331
STARLINK-34004          
1 63941U 25098R   25158.83517717  .00065553  00000+0  14208-2 0  9997
2 63941  70.0003 253.3937 0003321 283.9012  76.1801 15.44080616  5071
STARLINK-34014          
1 63942U 25098S   25159.55164545  .00037774  00000+0  86048-3 0  9991
2 63942  70.0001 251.4791 0004290 257.3489 102.7213 15.42752218  5251
STARLINK-33985          
1 63943U 25098T   25157.98260458  .00085352  00000+0  14911-2 0  9991
2 63943  70.0001 255.6342 0003591 266.7810  93.2965 15.50242898  5104
STARLINK-33996          
1 63944U 25098U   25159.17486154  .00030953  00000+0  70658-3 0  9996
2 63944  70.0003 252.5744 0003425 275.6931  84.3860 15.42744353  5286
STARLINK-34036          
1 63945U 25098V   25161.51936986  .00025211  00000+0  57695-3 0  9998
2 63945  70.0002 246.3109 0003257 266.6093  93.4716 15.42724376  5301
STARLINK-34039          
1 63946U 25098W   25161.51360882  .00029872  00000+0  68274-3 0  9997
2 63946  70.0001 246.2905 0003419 259.0898 100.9899 15.42717351  5607
STARLINK-34034          
1 63947U 25098X   25161.51162481  .00034471  00000+0  78646-3 0  9998
2 63947  70.0008 246.2835 0003048 261.6991  98.3845 15.42733740  5542
STARLINK-33983          
1 63948U 25098Y   25158.25683589  .00060117  00000+0  13633-2 0  9993
2 63948  70.0000 254.9875 0003611 264.2977  95.7793 15.42759096  5145
STARLINK-33993          
1 63949U 25098Z   25159.59355209  .00055529  00000+0  97670-3 0  9992
2 63949  70.0008 251.2206 0004116 270.9674  89.1040 15.50184397  5317
STARLINK-33962          
1 63950U 25098AA  25160.77352544  .00030184  00000+0  68931-3 0  9993
2 63950  70.0003 248.1178 0003617 271.7810  88.2958 15.42738532  5532
STARLINK-33998          
1 63951U 25098AB  25160.77748432  .00044932  00000+0  10221-2 0  9993
2 63951  70.0001 248.1320 0003527 269.7899  90.2878 15.42750687  5533
STARLINK-34159          
1 63952U 25099A   25157.53984455  .00060421  00000+0  10180-2 0  9997
2 63952  42.9939 296.5605 0017337 267.6751  92.2124 15.50683257  5008
STARLINK-34137          
1 63953U 25099B   25158.82886572 -.00324399  00000+0 -63654-2 0  9995
2 63953  42.9994 289.0353 0001907 259.5604 100.5040 15.47730610  5192
STARLINK-33974          
1 63954U 25099C   25157.73535193 -.00183479  00000+0 -38194-2 0  9998
2 63954  42.9989 295.4502 0002692 265.1334  94.9217 15.45484477  5039
STARLINK-34170          
1 63955U 25099D   25160.65170734 -.00143773  00000+0 -40672-2 0  9997
2 63955  43.0009 278.6369 0002348 320.6384  39.4300 15.36110183  5564
STARLINK-34187          
1 63956U 25099E   25157.40954432  .00063705  00000+0  10578-2 0  9998
2 63956  42.9912 297.3048 0008782 233.7970 126.2079 15.51198186  5071
STARLINK-34142          
1 63957U 25099F   25157.73131691  .00103916  00000+0  17391-2 0  9998
2 63957  42.9991 295.4201 0007918 207.7786 152.2652 15.50784618  5127
STARLINK-34144          
1 63958U 25099G   25157.73139278  .00063817  00000+0  11474-2 0  9999
2 63958  43.0008 295.4216 0002571 280.0191  80.0379 15.48988116  5084
STARLINK-34099          
1 63959U 25099H   25160.77897322 -.00174812  00000+0 -49566-2 0  9992
2 63959  42.9993 277.8699 0000845 270.8273  89.2485 15.36181116  5592
STARLINK-34107          
1 63960U 25099J   25158.63259164 -.00478703  00000+0 -93170-2 0  9998
2 63960  42.9991 290.1420 0002042 255.7154 104.3479 15.48528002  5171
STARLINK-34121          
1 63961U 25099K   25158.69711624 -.00175236  00000+0 -33253-2 0  9990
2 63961  42.9991 289.7654 0003198 273.9411  86.1082 15.48114370  5273
STARLINK-34103          
1 63962U 25099L   25157.53614944  .00218122  00000+0  31032-2 0  9993
2 63962  42.9970 296.5328 0019488 196.1352 163.8891 15.54655638  5099
STARLINK-33801          
1 63963U 25099M   25159.40399477  .00061723  00000+0  10568-2 0  9997
2 63963  42.9964 285.6085 0011965 252.6895 107.2656 15.50312169  5382
STARLINK-34135          
1 63964U 25099N   25157.40698368  .00052114  00000+0  86117-3 0  9995
2 63964  42.9985 297.2863 0006002 258.0845 101.9342 15.51430510  5071
STARLINK-34147          
1 63965U 25099P   25158.82378349  .00074128  00000+0  12614-2 0  9996
2 63965  42.9962 288.9929 0000154 150.1420 209.9449 15.50490540  5198
STARLINK-33960          
1 63966U 25099Q   25159.46735735  .00097198  00000+0  15841-2 0  9991
2 63966  43.0008 285.2235 0018053 281.3193  78.5639 15.51409654  5393
STARLINK-34153          
1 63967U 25099R   25157.40526775  .00195929  00000+0  31651-2 0  9994
2 63967  42.9930 297.2721 0003465 231.7883 128.2666 15.51427800  5076
STARLINK-33963          
1 63968U 25099S   25157.53442577  .00177160  00000+0  25193-2 0  9997
2 63968  42.9974 296.5206 0020999 187.2352 172.8209 15.54779192  5099
STARLINK-34112          
1 63969U 25099T   25158.50066832  .00065437  00000+0  12784-2 0  9997
2 63969  43.0016 290.8667 0015728  21.8410 338.3117 15.46465662  5248
STARLINK-34084          
1 63970U 25099U   25158.62916955 -.00740577  00000+0 -14652-1 0  9994
2 63970  42.9973 290.1113 0009034 111.6151 248.5671 15.48531681  5268
STARLINK-34138          
1 63971U 25099V   25159.59469833 -.00217611  00000+0 -40526-2 0  9998
2 63971  43.0003 284.4566 0009090  11.1693 348.9367 15.48758868  5412
STARLINK-34115          
1 63972U 25099W   25159.40115343  .06179368  00000+0  76583-1 0  9994
2 63972  42.9973 285.5826 0028774 201.0267 158.9413 15.54140202  5386
STARLINK-34028          
1 63973U 25099X   25160.36725679  .00971016  00000+0  15454-1 0  9995
2 63973  42.9980 279.9311 0008846 148.2231 211.9164 15.49962136  5534
STARLINK-33942          
1 63974U 25099Y   25161.33286958  .00048641  00000+0  82910-3 0  9998
2 63974  42.9976 274.2798 0000552 269.1230  90.9567 15.50602701  5583
STARLINK-34139          
1 63975U 25099Z   25160.68837326  .00069899  00000+0  11855-2 0  9994
2 63975  42.9935 278.0410 0002320 271.8414  88.2181 15.50605318  5490
STARLINK-34090          
1 63976U 25099AA  25161.33218431  .00049498  00000+0  84345-3 0  9996
2 63976  42.9952 274.2736 0000743 318.3988  41.6815 15.50604543  5596
STARLINK-34105          
1 63977U 25099AB  25159.39938778  .00107665  00000+0  18138-2 0  9990
2 63977  42.9966 285.5710 0001362 271.7970  88.2734 15.50611567  5298
STARLINK-33642          
1 63978U 25099AC  25161.33149775  .00045672  00000+0  77883-3 0  9991
2 63978  42.9944 274.2684 0000547 334.1426  25.9407 15.50613977  5599
STARLINK-34045          
1 63979U 25099AD  25161.33115424  .00060542  00000+0  10289-2 0  9995
2 63979  42.9974 274.2650 0001091 281.9136  78.1602 15.50604540  5591
UNICORN-2O              
1 63980U 25052BS  25160.86652094  .00024230  00000+0  11984-2 0  9999
2 63980  97.4333  54.5638 0001359 314.3365  45.7757 15.17812499 13276
UNICORN-2P              
1 63981U 25052BT  25159.15115462  .00000541  00000+0  30158-4 0  9998
2 63981  97.4330  52.8812 0001352 333.2744  26.8420 15.17661353 13013
SCS-01 A                
1 63982U 25100A   25161.51009862  .00003170  00000+0  15693-3 0  9999
2 63982  97.4058 236.7235 0009234 219.4401 140.6162 15.18474376  4167
SCS-01 B                
1 63983U 25100B   25161.50564355  .00010963  00000+0  51156-3 0  9994
2 63983  97.4054 236.7287 0014281 165.0293 195.1368 15.19924841  4143
SCS-01 C                
1 63984U 25100C   25161.51078717  .00004615  00000+0  22701-3 0  9999
2 63984  97.4056 236.7200 0009382 218.8060 141.2501 15.18464693  4140
SCS-01 D                
1 63985U 25100D   25161.51142121  .00011083  00000+0  52392-3 0  9997
2 63985  97.4063 236.7243 0013532 158.0985 202.0831 15.19481552  4145
SCS-01 E                
1 63986U 25100E   25159.53515012  .00013085  00000+0  61600-3 0  9996
2 63986  97.4030 234.7749 0014696 171.5914 188.5570 15.19568295  3847
SCS-01 F                
1 63987U 25100F   25161.49404702  .00012277  00000+0  53601-3 0  9992
2 63987  97.4032 236.7354 0014082 167.4951 192.6637 15.22183582  4148
SCS-01 G                
1 63988U 25100G   25161.49778446  .00011669  00000+0  51606-3 0  9999
2 63988  97.4072 236.7454 0014741 166.9750 193.1869 15.21746449  4146
SCS-01 H                
1 63989U 25100H   25161.50431911  .00011590  00000+0  52637-3 0  9993
2 63989  97.4083 236.7409 0014898 169.0083 191.1481 15.20835148  4147
SCS-01 J                
1 63990U 25100J   25161.51200805  .00010952  00000+0  51765-3 0  9994
2 63990  97.4029 236.7114 0013206 163.1479 197.0198 15.19494554  4126
SCS-01 K                
1 63991U 25100K   25161.50629662  .00010992  00000+0  51248-3 0  9990
2 63991  97.4033 236.7201 0014675 176.3663 183.7682 15.19947252  4130
SCS-01 L                
1 63992U 25100L   25161.50716876  .00010878  00000+0  50757-3 0  9992
2 63992  97.4061 236.7290 0014229 165.0963 195.0695 15.19928200  4124
SCS-01 M                
1 63993U 25100M   25161.44584410  .00012161  00000+0  57389-3 0  9998
2 63993  97.4061 236.6587 0014523 174.2839 185.8565 15.19506177  4122
STARLINK-33871          
1 63994U 25101A   25158.12281692 -.00291619  00000+0 -56845-2 0  9991
2 63994  42.9993 116.5744 0002502 283.4479  76.6101 15.47794326  4815
STARLINK-34154          
1 63995U 25101B   25158.18647590 -.00277586  00000+0 -52509-2 0  9991
2 63995  42.9994 116.1904 0001997 269.9759  90.0871 15.48599724  4896
STARLINK-34158          
1 63996U 25101C   25159.58620230  .00089465  00000+0  15086-2 0  9993
2 63996  43.0000 109.5478 0001979 247.3653 112.6998 15.50668544  5096
STARLINK-34165          
1 63997U 25101D   25158.24973934  .00066338  00000+0  11817-2 0  9990
2 63997  42.9990 115.8055 0004613  49.4322 310.6939 15.49230492  4905
STARLINK-34150          
1 63998U 25101E   25158.89667941  .00067169  00000+0  13476-2 0  9996
2 63998  42.9978 112.0615 0001096 182.2321 177.8533 15.45812138  3833
STARLINK-34169          
1 63999U 25101F   25157.92849708 -.00861152  00000+0 -18484-1 0  9992
2 63999  42.9987 117.6962 0014823  82.7029 277.5514 15.46470490  4853
STARLINK-34152          
1 64000U 25101G   25160.18078785  .00087462  00000+0  15415-2 0  9991
2 64000  43.0007 104.4944 0018008 271.3575  88.5222 15.49255164  5205
STARLINK-33927          
1 64001U 25101H   25160.69728447  .02550243  00000+0  24313-1 0  9995
2 64001  42.9948 101.4866 0051561 253.2055 106.3148 15.61083676  5286
STARLINK-33898          
1 64002U 25101J   25159.08335648 -.01068285  00000+0 -19862-1 0  9998
2 64002  42.9996 110.9135 0001974 262.9634  84.0077 15.50872259  3773